  89.459    29.062 1935      5      21    5.7  15.00       4      22
  91.947    28.386 1937      3       9    5.5  15.00      20      19
  90.551    29.749 1937      8      15    5.8  15.00      11      36
  91.203    27.999 1938      2      26    5.6  15.00      12      10
  95.138    29.889 1938     11      21    6.3  15.00       1      11
  91.794    27.169 1941      1      21    6.4  15.00      12      41
  91.875    26.699 1941      1      27    6.0  15.00       2      30
  96.887    28.305 1941      2      23    5.7  15.00       9      56
  93.087    26.681 1941      5      22    5.5  15.00       1       0
  91.984    27.114 1941      9       6    5.5  15.00       3      17
  91.403    27.187 1943      2       8    5.8  15.00      21       5
  93.829    26.705 1943     10      23    7.2  15.00      17      23
  93.628    28.484 1947      7      29    7.3  20.00      13      43
  90.817    27.223 1950      2      26    5.7  15.00       3      35
  96.445    28.363 1950      8      15    8.7  15.00      14       9
  94.866    29.063 1950      8      16    5.8  25.00      15      29
  94.968    28.180 1950      8      16    5.7  25.00      16      36
  92.802    27.492 1950      8      16    6.0  15.00      17      51
  95.963    28.716 1950      8      16    5.7  25.00      19      25
  96.968    26.859 1950      8      16    5.7  25.00      23      21
  94.844    28.427 1950      8      17    6.1  25.00       1      54
  94.774    29.622 1950      8      17    5.7  25.00       5      29
  95.881    29.196 1950      8      18    6.3  20.00       1       7
  96.557    29.723 1950      8      18    6.1  25.00      16      58
  95.062    29.473 1950      8      20    5.8  25.00       9       3
  94.584    28.970 1950      8      22    5.9  25.00       6      43
  95.019    29.207 1950      8      23    6.0  25.00       3       9
  96.476    28.504 1950      8      23    5.9  25.00      18      47
  96.672    28.249 1950      8      24    5.6  25.00       1      27
  94.965    27.233 1950      8      26    6.2  25.00       6      33
  94.600    29.183 1950      8      27    5.5  25.00      11       0
  95.330    28.610 1950      8      31    5.7  25.00      19      52
  95.302    29.688 1950      9       1    5.7  25.00       7      12
  95.226    29.585 1950      9       1    5.5  25.00      23      44
  96.753    29.758 1950      9       2    5.9  25.00      16      14
  96.731    29.711 1950      9       4    5.7  25.00       8      12
  94.158    28.615 1950      9      11    5.8  25.00       9      39
  95.133    27.605 1950      9      13    6.2  25.00      11       7
  94.409    28.873 1950      9      30    6.3  20.00       7      29
  94.401    28.550 1950     10       8    6.3  25.00       4      50
  95.457    28.220 1950     10      16    5.5  25.00      15      42
  95.354    27.419 1950     10      29    6.0  25.00       6       2
  94.807    27.233 1950     11      12    5.5  25.00      21      30
  95.686    28.767 1950     12       3    6.1  25.00       6      26
  95.427    28.661 1951      3       6    5.7  15.00      18      58
  94.668    27.990 1951      3      12    6.0  25.00      14      52
  93.861    28.280 1951      4      14    6.4  15.00      23      40
  94.575    28.842 1951      4      22    6.0  25.00       3      37
  96.529    28.619 1951      7      21    5.8  25.00       1      32
  95.924    29.434 1952      2      16    5.5  15.00      21      44
  90.768    29.879 1952      3       6    5.5  15.00       9      11
  95.068    26.621 1952      4      30    5.5  35.00       1      49
  94.488    28.400 1952      5      26    6.0  20.00       2      46
  93.905    28.138 1952      8      25    5.6  15.00       1      44
  91.605    27.672 1954      2      23    6.2  15.00       6      40
  90.166    29.671 1955      3      27    5.9  15.00      14      38
  96.927    27.051 1955      5       4    5.8  15.00       0      17
  90.189    29.845 1955     12      29    5.9  15.00       8      25
  95.211    27.974 1956      8      22    5.6  15.00      19      40
  96.208    26.611 1956     12      21    5.8  15.00       3      27
  96.459    27.604 1959      2      14    5.7  15.00      22      25
  89.285    27.040 1964      3      27    5.2  27.50      23       3
  90.080    27.592 1964      4      13    5.5  15.00       3      20
  88.304    27.385 1964      8      30    5.5  10.00       2      35
  92.232    27.009 1964      9       1    5.7  10.00      13      22
  93.815    28.077 1964     10      21    6.6  25.00      23       9
  92.400    26.730 1965      4      11    5.3  30.00      22      33
  95.469    29.652 1965      6      15    5.5  15.00       7      59
  92.503    27.317 1965     12       9    5.5  15.00      20      26
  96.511    27.501 1966      5      27    5.2  15.00      14      35
  95.690    27.021 1966      9      11    5.3  17.50      15      55
  92.566    27.451 1966      9      26    5.4  15.50       5      10
  94.321    28.445 1967      3      11    5.4  13.00      16      56
  94.240    28.435 1967      3      14    5.7  20.70       6      58
  96.403    26.959 1967      3      16    5.2  15.00      12      13
  92.028    27.854 1967      7       7    5.2  15.00      22      56
  91.910    27.338 1967      9      15    5.8  13.70      10      32
  92.194    29.770 1968      1      31    5.4  10.00      11      45
  92.632    26.826 1969      6      30    5.2  32.50       8      51
  90.195    27.631 1969     11       5    5.3  15.00      20      25
  93.951    27.461 1970      2      19    5.4  10.00       7      10
  96.958    26.832 1970      3      10    5.4  15.00       5      20
  95.679    28.956 1970      6      24    5.2  17.80       0      43
  92.620    27.605 1973      7       4    5.3  15.00      16      44
  95.498    28.921 1974      7      10    5.3  15.00      18      10
  96.897    29.819 1975      2       9    5.1  10.00      23      26
  95.896    28.199 1975      6      10    5.2  30.00      11      50
  95.648    29.111 1975      6      28    5.1  15.00       6       7
  92.389    28.169 1976      8       5    5.2  15.00      10      24
  89.567    29.790 1976      9      14    5.9  70.00       6      43
  92.961    26.642 1977     11      13    5.4  35.00      21       2
  96.897    27.444 1978      3       2    5.2  15.00      12      14
  92.610    27.653 1978      4      19    5.2  17.50      17       1
  96.510    27.417 1979      4      25    5.2  15.00       2      21
  95.710    28.983 1979      9      29    5.3  25.00      11      32
  96.958    27.002 1979     12      21    5.3  13.60       6      31
  96.859    27.141 1980     10      10    5.2  14.60       2      35
  88.817    27.368 1980     11      19    6.3  45.00      19       0
  89.755    27.271 1981      2       9    5.1  21.80      15      49
  89.076    29.632 1981     11      21    5.2  15.00       4      25
  88.781    27.314 1982      4       5    5.3  31.10       2      19
  95.468    29.594 1982      5      29    5.3  15.00      11      27
  95.065    29.792 1982     10      26    5.2  18.40       5      35
  94.700    27.731 1982     11      26    5.4  15.00      13      26
  96.979    26.827 1983      1      12    5.2  15.00       3      28
  92.872    26.857 1983      2       2    5.4  43.80      20      44
  95.970    28.552 1983      3       1    5.3  27.00      13      22
  96.257    28.486 1984      1      15    5.2  23.00      17      12
  96.387    28.508 1984      1      20    5.3  22.80      14      53
  96.965    27.450 1984     12       3    5.4  15.00       4      17
  91.975    27.096 1985      1       7    5.7  18.80      16      13
  96.123    26.824 1985      6       7    5.2  21.60      18      23
  95.194    29.196 1985      8       1    5.7  35.00      12      13
  92.546    27.055 1985     10      12    5.5  10.00      18      22
  96.318    26.805 1986     11       1    5.2  19.40       5       2
  92.641    27.659 1987      1      24    5.2  15.00      10      34
  93.361    26.610 1987      9       6    5.4  49.60      23      38
  90.336    29.813 1987      9      25    5.0  10.00      23      16
  92.124    27.087 1988      2      17    5.2  10.80       6      30
  94.755    28.971 1988      5       9    5.3  27.10      16       3
  94.843    29.017 1988      5      10    5.3  23.10      20      51
  88.355    27.199 1988      9      27    5.3  15.00      19      10
  91.141    27.661 1988     12      20    5.3  23.40       9      45
  92.714    26.878 1989      3       8    5.3  59.30      20       2
  90.051    29.145 1989      4       9    5.2  10.00       2      31
  96.988    29.584 1991      2      12    5.2  25.00      13       1
  95.638    29.597 1992      2       6    5.7  13.40       3      35
  90.235    29.629 1992      7      30    6.1  10.00       8      24
  96.168    28.816 1993      5      24    5.3  23.00       5       2
  92.377    27.595 1995      2      17    5.5  34.60       2      44
  92.299    28.395 1996      6       9    5.2  78.40      23      25
  88.750    27.491 1996      9      25    5.3  17.30      17      41
  96.003    28.793 1996     11      20    5.2  15.00      23      27
  94.939    29.797 1997      7      10    5.1  15.00      13      59
  89.729    29.520 1997     10      30    5.5  15.90       2       2
  91.082    27.327 1998      7       8    5.4  16.50       3      44
  91.026    27.529 1998      8      18    5.4  20.80       4      10
  92.800    27.535 1998      9      26    5.0  21.00      18      27
  92.636    27.570 2000      1       2    5.3  20.00      10      23
  92.655    27.656 2000      1      25    5.4  15.00      16      43
  91.904    27.332 2001     11       6    5.4  21.50      14       9
  88.281    27.264 2001     12       2    5.3  20.70      22      41
  94.989    28.647 2002     11      30    5.4  35.00       2      52
  89.393    27.235 2003      3      25    5.4  50.00      18      51
  96.827    26.774 2003      8       8    5.2   6.70       9      59
  95.564    29.591 2003      8      18    5.5  22.30       9       3
  94.601    28.878 2005      6       1    5.8  23.90      20       6
  88.385    27.333 2006      2      14    5.3  21.60       0      55
  91.672    26.927 2006      2      23    5.5  15.00      20       4
  91.652    26.915 2006      2      23    5.3  15.00      20       7
  90.403    29.777 2008     10       6    6.3  10.00       8      30
  90.329    29.678 2008     10       6    5.2  13.60      12      10
  90.381    29.733 2008     10       8    5.5  14.70      14       7
  91.433    27.398 2009      9      21    6.1  14.00       8      53
  91.391    27.268 2009     10      29    5.1  22.90      17       0
  91.466    27.297 2009     12      31    5.5  20.40       9      57
  90.316    29.796 2010     11      30    5.3  20.80       8      39
  95.825    28.888 2013     11      29    5.3  19.10       1      54
  92.671    26.842 2015      4      16    5.1  35.00      22       5
  95.013    29.812 2017     11      17    6.5  15.00      22      34
  96.981    27.123 2018      6       2    5.0  28.10       5      46
  96.913    27.174 2018     11      28    5.4  30.00      10      17
  92.487    27.955 2018     12       1    5.1  15.00      15       7
  96.348    27.280 2019      2      10    5.1  19.20       3      22
  94.507    28.467 2019      4      23    6.1  15.00      20      15
  92.766    27.637 2019      7      19    5.5  15.90       9      22
  95.617    28.940 2020      2       1    5.1  12.00       9      43
