  91.197    27.378 1964      2      18    5.4  15.70       3      48
  89.282    27.032 1964      3      27    4.9  25.50      23       3
  90.080    27.579 1964      4      13    5.4  35.00       3      20
  88.232    27.440 1964      8      30    5.1  22.00       2      35
  92.202    26.966 1964      9       1    5.7  22.00      13      22
  93.832    28.083 1964     10      21    6.0  20.20      23       9
  92.202    26.694 1965      4      11    5.1  47.00      22      33
  95.543    29.579 1965      6      15    5.3  22.90       7      59
  96.299    29.195 1965     10       6    4.9  35.00       8       3
  92.504    27.336 1965     12       9    5.4  18.00      20      26
  96.318    27.489 1966      5      27    4.9  35.00      14      35
  92.495    27.753 1966      7       5    4.9  35.00      10       1
  95.664    27.013 1966      9      11    5.0  26.70      15      55
  92.559    27.456 1966      9      26    5.6  16.30       5      10
  92.496    27.335 1967      2      25    4.8  18.00      11      56
  94.297    28.441 1967      3      11    5.2  17.30      16      56
  94.214    28.431 1967      3      14    5.8  18.80       6      58
  96.368    26.930 1967      3      16    4.9  35.00      12      13
  95.958    26.624 1967      6       8    4.7  83.00      23      17
  91.977    27.753 1967      7       7    4.8  35.00      22      56
  91.877    27.334 1967      9      15    6.0  13.00      10      32
  92.200    29.720 1968      1      31    5.2  12.60      11      45
  94.908    29.990 1968      8      20    5.0  35.00       9      30
  92.711    26.824 1968     11      18    4.5  46.20       8      49
  92.663    26.797 1969      6      30    5.0  58.40       8      51
  95.314    28.911 1969     10      22    4.6  40.00       2      33
  89.981    27.497 1969     11       5    5.1  35.00      20      25
  93.912    27.438 1970      2      19    5.5  12.80       7      10
  96.931    26.832 1970      3      10    5.3  22.30       5      20
  95.673    28.943 1970      6      24    4.9  15.30       0      43
  95.800    28.391 1972      6       2    4.7  35.00      20      32
  92.406    29.704 1972      6       8    4.8  35.00      23      10
  88.588    26.890 1972     11       6    4.7  35.00      10      56
  92.416    27.367 1973      7       4    5.0  18.00      16      44
  89.040    29.369 1973      8       1    5.0  91.60      14       5
  92.666    27.029 1973      9      11    4.9  35.00      15      55
  93.362    27.808 1973     10       9    4.9  35.00       4       1
  92.442    27.298 1974      7       9    4.6  18.00       7      17
  95.471    28.826 1974      7      10    4.9  40.00      18      10
  88.233    27.382 1975      1      23    4.6  22.00       1      37
  96.888    29.931 1975      2       9    4.8  10.00      23      26
  96.925    26.610 1975      6       3    5.5  15.00       3      23
  95.817    28.212 1975      6      10    5.0  27.40      11      50
  95.609    29.121 1975      6      28    4.8  28.80       6       7
  96.212    27.746 1975     12      20    4.4  35.00       4      59
  92.214    26.704 1976      3      11    4.8  40.00       0      32
  92.277    28.184 1976      8       5    4.8  35.00      10      24
  89.556    29.792 1976      9      14    5.4 101.90       6      43
  96.844    26.660 1976     11      10    4.0  15.00       2      35
  94.716    28.930 1977     10      29    4.6  35.00       1      53
  92.907    26.622 1977     11      13    5.2  43.00      21       2
  96.005    28.608 1977     12      22    4.7  35.00      17      50
  96.914    27.309 1978      3       2    4.8  35.00      12      14
  92.555    27.598 1978      4      19    4.9  18.00      17       1
  92.424    27.585 1978      4      19    4.4  18.00      18      58
  94.840    28.961 1978      7      21    4.6  10.00      13      28
  91.572    27.363 1979      1      13    4.5  10.00       3      27
  96.490    27.454 1979      4      25    4.9  33.50       2      21
  91.800    26.790 1979      7      29    4.7  57.70      14      16
  95.697    28.995 1979      9      29    5.1  31.90      11      32
  96.967    27.049 1979     12      21    5.7  10.00       6      31
  96.089    28.706 1980      3       1    4.6  35.00      17      28
  94.296    28.742 1980      3      26    4.5  27.40      22      24
  95.878    28.194 1980      5      27    4.7  35.00      22      35
  96.337    28.669 1980      8      30    4.4  35.00       2      51
  96.918    27.143 1980     10      10    4.8  24.60       2      35
  88.783    27.360 1980     11      19    6.1  43.50      19       0
  89.759    27.165 1981      2       9    4.8  17.30      15      49
  95.972    26.678 1981      8      23    4.5  83.00      15      56
  94.852    28.722 1981     10      14    4.9  35.00       8      29
  94.882    29.887 1981     10      23    5.0  35.00      23      44
  94.968    29.993 1981     10      24    4.8  24.30       1      39
  94.936    29.854 1981     10      24    4.0  35.00       4      17
  89.061    29.624 1981     11      21    4.8  35.00       4      25
  92.387    27.459 1981     12       9    4.6  18.00      10      52
  95.044    29.945 1981     12      13    4.5  35.00      22      20
  88.756    27.341 1982      4       5    5.2  17.50       2      19
  95.016    29.951 1982      4      22    5.2  10.70      16      39
  93.007    28.315 1982      4      24    4.7  65.80       2       4
  95.094    29.800 1982      5       2    4.2  35.00      16      55
  95.408    29.595 1982      5      29    5.0  29.10      11      27
  96.422    28.434 1982      7       2    4.6  24.00       2      15
  96.164    27.174 1982      7       5    4.7  10.00      16      32
  89.335    26.956 1982      8      18    4.6  35.00      18       1
  95.074    29.784 1982     10      26    4.9  10.10       5      35
  94.720    27.759 1982     11      26    5.2  27.90      13      26
  96.956    26.856 1983      1      12    5.0  28.00       3      28
  96.959    26.723 1983      1      12    4.6  10.00      12      22
  95.832    29.018 1983      1      14    4.7  33.00       3      15
  92.865    26.886 1983      2       2    5.2  35.00      20      44
  95.957    28.604 1983      3       1    5.1  38.70      13      22
  92.517    28.017 1983     10       2    5.0  35.00      21       3
  90.115    29.375 1983     10      16    4.6  10.00      22       3
  96.257    28.488 1984      1      15    4.8  22.90      17      12
  95.005    28.809 1984      1      18    4.6  24.00       7      19
  96.367    28.485 1984      1      20    5.2  10.00      14      53
  95.635    28.940 1984      2      20    4.6  40.00      16       2
  92.448    27.038 1984      6       9    4.8  32.50      23       7
  92.541    26.917 1984     11      15    4.8  10.00      21       8
  96.788    26.771 1984     12       2    4.6  35.00      15      20
  96.800    27.533 1984     12       3    5.3  10.00       4      17
  96.722    27.475 1984     12       3    4.5  35.00       5      33
  91.978    27.102 1985      1       7    5.7  14.90      16      13
  91.768    27.075 1985      1      11    4.8  23.00      20      39
  94.638    29.047 1985      2      23    4.4  25.00      10       7
  93.998    27.681 1985      3       5    4.5  35.00      10      10
  92.207    28.305 1985      4       6    4.5  35.00      12       8
  96.153    26.744 1985      6       7    5.0  23.00      18      23
  95.183    29.177 1985      8       1    5.5  24.00      12      13
  89.697    27.089 1985     10       2    4.4  35.00      16      33
  92.573    27.029 1985     10      12    5.4   6.50      18      22
  92.597    27.156 1985     10      12    4.7  35.00      19      35
  92.532    27.160 1985     10      25    4.7  35.00      19      59
  92.559    27.026 1985     10      31    5.0  35.00      15      26
  96.692    27.287 1985     11       1    4.8  35.00       2      34
  92.024    27.044 1985     12      26    4.9  23.00      18       4
  88.349    27.288 1986      1       7    4.9  22.00      20      19
  91.400    27.530 1986      7      16    4.5  35.00       6      37
  96.348    26.808 1986     11       1    5.6  11.40       5       2
  95.228    28.553 1987      1       9    4.6  35.00       1       0
  92.609    27.592 1987      1      24    5.0  18.00      10      34
  95.868    28.572 1987      3       1    5.0  35.00      13      31
  96.085    26.667 1987      4       6    4.6  83.00      23      28
  96.986    26.681 1987      5      20    4.3  28.00      23      29
  96.904    27.325 1987      7      10    4.7  30.40       8      17
  92.648    27.738 1987      7      17    4.7  35.00      21      12
  93.332    26.606 1987      9       6    5.2  54.90      23      38
  92.783    27.282 1987      9      13    4.4  17.00      21       4
  90.369    29.782 1987      9      25    5.3  19.30      23      16
  90.479    29.870 1987      9      29    4.7   7.00      17      30
  90.474    29.755 1987     10       6    4.9   7.00      22      18
  92.730    27.306 1987     10      15    4.8  17.00      16      22
  90.388    29.803 1987     12      12    4.9   7.00       5      48
  95.243    29.859 1987     12      22    4.7  35.00      18      22
  90.123    29.646 1988      1      10    4.8  10.00       6      18
  90.490    29.920 1988      1      10    4.9   7.00       6      31
  92.088    27.087 1988      2      17    4.8  23.00       6      30
  94.736    28.991 1988      5       9    5.2  24.50      16       3
  94.849    29.020 1988      5      10    5.0  23.20      20      51
  88.571    27.263 1988      5      26    4.8  22.00      16      30
  94.657    29.069 1988      6       6    4.6  25.00      17      28
  91.166    28.102 1988      7       5    4.9  60.30       7      36
  88.324    27.198 1988      9      27    5.2  24.20      19      10
  91.158    27.661 1988     12      20    5.0  33.50       9      45
  96.921    27.098 1988     12      28    4.6  28.00       0      29
  94.716    29.844 1989      1      19    4.6  35.00      11      52
  92.612    27.070 1989      2      28    4.8  34.60       0      26
  92.696    26.921 1989      3       8    5.1  54.70      20       2
  90.025    29.123 1989      4       9    5.3   8.80       2      31
  95.776    28.923 1989      4      18    4.5  34.00       3       4
  92.404    27.488 1989      7      25    4.5  18.00       0      31
  96.876    27.295 1989      8      10    4.2  35.00      16      49
  92.566    26.762 1989      9      19    4.7  35.00      17       7
  90.060    29.319 1990      2      18    4.6  35.00      18      12
  89.965    29.201 1990      2      22    5.0  16.20      13      33
  89.784    29.878 1990      5       6    4.3  35.00      10      30
  92.622    27.138 1990      8      29    4.8  25.80       2      41
  92.668    26.615 1990      9       2    5.2  50.20       6      29
  96.844    27.589 1990     11       3    4.6  35.00       4      35
  92.587    26.625 1990     12      29    5.0  10.00      19      24
  96.967    29.747 1991      2      13    4.8  10.00      16      28
  94.875    29.888 1991      4      27    4.5  35.00      10       4
  94.942    28.823 1991      9       9    4.7  26.80      21      54
  95.598    29.648 1991      9      12    4.6  18.00      23       6
  96.400    26.633 1991     11      21    4.9  86.40       4       7
  95.721    29.573 1992      2       6    5.6  25.90       3      35
  95.501    29.545 1992      2       8    4.3  18.00       1      48
  95.614    29.640 1992      2       9    5.1   8.80      12      44
  95.584    29.657 1992      2       9    4.8  18.00      14      37
  95.559    29.635 1992      2      10    4.1  18.00       7       6
  89.306    29.501 1992      3       7    4.3 100.00      22      41
  92.470    27.509 1992      3      25    4.2  23.00      22      59
  95.269    26.706 1992      4      20    4.4  35.00       7      29
  92.029    27.067 1992      4      20    4.6  23.00      18      50
  94.026    28.606 1992      6       8    4.4  35.00       0      26
  90.180    29.391 1992      7      24    4.4  35.00       6      24
  90.171    29.527 1992      7      30    5.9  23.70       8      24
  90.389    29.784 1992      7      30    4.3   7.00      13      36
  90.030    29.749 1992      7      30    4.3  35.00      19       6
  90.341    29.845 1992      8       4    4.2   7.00      22      50
  95.020    28.602 1992      9       8    4.5  35.00      15      19
  93.444    27.038 1992     10      31    4.4  35.00       1      56
  92.667    27.659 1992     11      11    4.6  17.00       5      27
  96.769    27.944 1993      3      13    4.0  35.00      21      32
  95.289    28.676 1993      4      12    4.4  15.20       3      48
  96.316    27.025 1993      4      13    4.4  10.00      20      47
  95.701    28.972 1993      5       8    4.4  40.00       8      46
  96.232    28.774 1993      5      24    5.0  24.20       5       2
  93.171    26.671 1993      5      28    4.2  43.00      14      20
  92.620    27.676 1993      6      23    4.6  24.50      17      19
  91.837    27.425 1993      7      31    4.4  60.60      19      29
  92.750    27.818 1993      9      20    4.8  16.80       7      40
  91.880    27.179 1993     12      12    5.0  19.30      23      34
  95.323    29.284 1993     12      31    5.0  18.00       8      54
  92.077    28.154 1994      1       6    4.2  35.00      21      12
  95.768    29.945 1994      1      23    4.3  35.00       1      58
  96.546    26.708 1994      3      29    4.5  88.00       6      54
  92.345    26.917 1994     10      24    4.3  35.00      16       6
  92.153    27.120 1994     10      25    4.9  10.00       7      29
  94.696    28.969 1994     12       6    4.9  14.90      23      35
  92.403    27.595 1995      2      17    5.2  32.40       2      44
  92.196    27.463 1995      3      26    4.7  22.50      18      22
  91.511    28.408 1995      6      28    4.5  19.00      20       4
  92.308    27.230 1995      7       3    4.7  22.70       0      59
  94.140    27.860 1995      9       4    4.2  35.00       1      44
  96.478    27.067 1995      9       5    4.2  35.00      16      19
  96.889    27.222 1995      9      26    4.6  28.00       4      56
  92.817    26.619 1995      9      29    4.3  10.00       9      47
  94.059    28.619 1995     10      23    4.3  35.00      22      57
  96.921    27.518 1995     11       9    4.4  10.00      19      35
  91.917    27.263 1995     12       4    4.7  15.00      17      54
  92.012    28.637 1996      2      16    4.5   2.70       3       2
  88.702    26.878 1996      3      23    4.0  10.00      16       7
  88.227    29.983 1996      5      17    4.6  23.40      17       4
  91.929    29.407 1996      5      21    4.0  35.00       0      35
  93.184    26.820 1996      5      21    4.2  31.30      19      51
  94.030    27.920 1996      6       3    4.1  35.00       4      17
  92.323    28.395 1996      6       9    5.1  78.30      23      25
  92.303    27.223 1996      6      27    4.0  35.00      16       0
  92.303    27.250 1996      6      27    4.1  35.00      16      21
  92.124    27.211 1996      7      12    4.4  35.00      12      38
  92.750    27.693 1996      9      11    4.2  17.00      23      14
  92.794    27.563 1996      9      12    4.0  35.00       0      24
  92.514    26.976 1996      9      12    4.7  32.00      18       4
  88.448    27.065 1996      9      13    4.2  10.00       3      41
  92.671    27.586 1996      9      14    4.7  18.00       2       9
  96.264    28.099 1996      9      25    4.3  10.00       5      27
  88.691    27.460 1996      9      25    5.0  22.00      17      41
  94.803    26.838 1996     10       1    4.3  35.00       8      43
  94.730    28.500 1996     10      25    4.1  35.00      17      22
  95.993    28.861 1996     11      20    4.9  31.40      23      27
  92.654    26.847 1996     11      24    4.3  35.00       0      52
  96.680    27.565 1997      1       4    4.0  35.00      10      17
  92.602    27.384 1997      3      10    4.4  18.00      17      50
  92.579    27.406 1997      3      10    4.5  16.80      17      55
  92.646    27.747 1997      5       4    4.0  10.00       7      31
  92.615    27.985 1997      6       2    4.1  35.00      19      30
  88.543    29.894 1997      7       9    4.0  38.00       7      18
  94.901    29.823 1997      7      10    4.8  12.90      13      59
  91.829    26.872 1997      7      18    5.0  41.30      19      39
  91.475    28.332 1997      8       4    4.5  17.90      22      31
  89.733    29.516 1997     10      30    5.3  33.00       2       2
  95.939    28.816 1997     11       8    4.8  34.00       9       4
  95.551    26.774 1997     11      11    4.2  35.00       3      47
  96.894    26.968 1997     11      25    4.4  28.00      11      43
  96.984    26.626 1997     12       3    4.1  15.00      18      46
  93.594    28.409 1998      1      13    4.1  63.00      20      48
  96.075    27.306 1998      2      21    4.0  35.00       9      48
  95.274    28.916 1998      4      25    4.2  10.00      22      50
  90.368    28.604 1998      5      13    4.1  35.00       1      25
  91.092    27.316 1998      7       8    5.2  25.00       3      44
  88.202    29.952 1998      7      20    4.1  37.00       2      35
  89.373    29.991 1998      7      22    4.1  35.00       0       0
  91.069    27.551 1998      8      18    5.2  24.50       4      10
  88.319    29.977 1998      8      25    4.3  38.00       7      59
  88.242    29.995 1998      8      25    4.3  17.00       9      56
  88.225    29.958 1998      8      25    4.3  47.40      12      29
  88.389    27.279 1998      9      10    4.5  19.70      22      57
  92.827    27.586 1998      9      26    5.5  18.60      18      27
  92.695    27.633 1998      9      26    4.0  18.00      19       8
  92.625    27.591 1998      9      28    4.7  18.00      21      31
  92.138    26.618 1998     12       4    4.2  29.20       4      42
  96.194    26.624 1999      1      20    4.7  83.00       2      13
  95.893    28.869 1999      2       3    4.4  34.00      12      46
  96.005    29.970 1999      2      19    4.0  35.00       2      32
  88.665    29.280 1999      3      25    4.0  84.80       5       4
  91.827    26.765 1999      6      26    4.2  50.00      21      36
  90.456    29.782 1999     10      15    4.3   8.00       7      33
  96.870    27.017 1999     12      23    4.0  28.00       3      59
  92.663    27.600 2000      1       2    5.1  13.40      10      23
  92.567    27.490 2000      1      25    4.0  35.00      16      37
  92.686    27.641 2000      1      25    5.3  17.10      16      43
  92.608    27.698 2000      1      25    4.2  19.50      17      29
  92.450    27.649 2000      1      26    4.2  18.00      21      11
  91.971    29.311 2000      1      30    4.6  24.20       6      35
  91.913    26.786 2000      3      17    4.3  40.00      15      44
  96.972    26.829 2000      4       9    4.2  28.00      21      48
  96.245    28.644 2000      5       3    4.0  35.00       1      19
  91.663    28.271 2000      5      14    4.7  16.60      17      18
  96.927    27.007 2000      6      23    4.0  28.00      14       4
  92.293    27.053 2000      7      17    4.3  35.00       6      52
  92.684    28.333 2000      9      10    4.2  35.00      23      32
  95.625    29.092 2000     10      13    4.1  40.00       2      57
  96.596    27.003 2000     10      15    4.0  35.00      15      32
  92.660    27.608 2001      1      24    4.4  16.70      23      57
  91.736    28.058 2001      3      10    4.7  25.20       0      20
  92.021    28.005 2001      3      10    4.0  35.00       4      45
  92.891    27.828 2001      5      13    4.0  35.00      17      32
  90.081    29.730 2001      6       7    4.0  35.00       2      37
  92.224    27.228 2001      8      29    4.1  23.00      19      26
  95.639    26.779 2001      8      31    4.5  50.60       6      30
  96.849    28.927 2001      9      10    4.3  35.00       8      16
  91.979    27.297 2001     11       6    5.2  18.10      14       9
  94.707    28.378 2001     11      27    4.1  35.00      13      47
  88.293    27.254 2001     12       2    5.1  20.30      22      41
  91.883    27.471 2002      1      12    4.0  15.00      10       1
  96.113    27.090 2002      5      11    4.1  35.00       9      50
  89.639    29.869 2002      6      20    4.0  10.00      16      46
  92.842    27.243 2002      8      20    4.3  35.00       8      46
  92.564    27.429 2002     11      14    4.6  18.00       2      59
  90.403    29.674 2002     11      16    4.6   8.00       8      52
  90.555    29.893 2002     11      16    4.2   7.00       9      40
  90.450    29.832 2002     11      16    4.3   7.00       9      44
  90.398    29.531 2002     11      16    4.1   8.00      18       4
  90.564    29.768 2002     11      16    4.2  35.00      23      31
  90.311    29.660 2002     11      29    4.6   8.00      16      49
  90.363    29.787 2002     11      29    4.0   7.00      17      32
  95.043    28.617 2002     11      30    5.2  35.00       2      52
  90.243    29.673 2002     11      30    4.2  10.00       7      11
  96.824    27.215 2002     12       2    4.2  35.00      10       1
  90.506    29.757 2002     12      16    4.3   7.00       0      47
  94.777    28.250 2003      3      12    4.0  35.00      21       0
  89.431    27.241 2003      3      25    4.8  41.70      18      51
  91.997    26.756 2003      3      31    4.1  10.00       5      32
  92.011    29.457 2003      4      18    4.2  35.00      21      21
  92.756    27.175 2003      5      23    4.5  10.00       2      27
  92.692    27.126 2003      5      29    4.3  35.00       0      33
  96.858    26.787 2003      8       8    4.9  18.10       9      59
  95.585    29.602 2003      8      18    5.6  24.80       9       3
  95.373    29.540 2003      8      18    4.0  18.00       9      37
  95.460    29.265 2003      8      18    4.5  18.00       9      37
  92.769    27.471 2003      8      20    4.0  18.00      14       6
  88.609    28.584 2003      9      22    4.1  10.00       9      25
  95.178    29.949 2003     10       6    4.3  10.00      10       1
  92.019    26.733 2004      1      12    4.0  38.30       0      16
  94.280    28.981 2004      4      20    4.0  25.00       8      17
  89.796    29.932 2004      6       5    4.1  35.00       8      47
  95.677    26.952 2004      6      20    4.1  35.00       3      17
  96.529    27.808 2004      6      20    4.5  28.60       8      34
  91.844    27.732 2004      8       9    4.2  11.90       8      18
  96.667    27.105 2004      8      28    4.1  35.00      10       6
  95.480    29.794 2004      9      27    5.3  16.20      17       5
  92.021    27.298 2004     11      12    4.0  23.00       1      59
  91.062    27.353 2004     11      24    4.1  25.00      22      35
  90.466    27.474 2005      3      11    4.5  35.00       5       8
  94.608    28.901 2005      6       1    6.0  25.70      20       6
  95.885    28.789 2005      7       2    4.0  34.00      10       1
  96.138    26.943 2005      9      10    4.3  35.00       1      33
  92.152    27.245 2006      2      11    4.7  23.00       5       4
  88.393    27.363 2006      2      14    5.4  26.80       0      55
  91.727    26.976 2006      2      23    5.5  15.90      20       4
  91.653    26.928 2006      2      23    5.2  10.00      20       7
  91.670    26.964 2006      2      23    4.1  41.00      20      22
  91.798    26.890 2006      2      23    4.0  35.00      20      44
  92.179    26.823 2006      3      25    4.7  23.00       5      51
  92.302    27.367 2006      4      11    4.0  18.00       3      54
  89.298    26.843 2006      7      17    4.1  35.00      13      47
  96.933    26.690 2006      8      13    4.0  28.00      19      22
  95.439    29.465 2006      8      22    4.1  18.00      12      32
  96.359    28.384 2006      9      25    4.0  24.00       0      27
  94.115    28.172 2007      2       2    4.2  35.00       0      41
  91.186    27.189 2007      3      14    4.0  41.00       1       9
  96.294    28.608 2007      4       7    4.1  24.00      11      46
  88.238    27.292 2007      5      20    5.0  10.30      14      18
  96.952    27.265 2007      6       7    4.1  35.00      10       9
  92.055    29.468 2007     10      29    4.0  35.00       4      54
  92.045    29.385 2007     11       6    4.0  35.00       1      23
  95.381    29.421 2007     11      10    4.9  25.20      19      36
  92.152    29.697 2007     11      18    4.2  35.00       5      49
  95.766    28.944 2008      1      17    4.6  34.00      19      21
  94.198    27.856 2008      1      25    4.0  35.00      15      10
  92.719    27.559 2008      1      29    4.1  18.00      12      23
  96.940    27.084 2008      3      12    4.6  28.00       3      18
  91.922    26.850 2008      3      13    4.4  23.00      15      42
  92.718    27.604 2008      5      10    4.4  18.00       5      58
  88.522    29.742 2008      5      23    4.1  35.00      19      43
  88.910    28.974 2008      5      25    4.3  10.00      10      28
  93.332    28.187 2008      6       9    4.2  32.50       8      27
  96.326    29.262 2008      7       4    4.7  41.00      21      35
  89.728    27.015 2008      7       6    4.0  22.30       3       5
  96.036    28.911 2008      7      20    4.0  34.00      23       6
  95.240    29.877 2008      7      22    4.6  35.00      21      26
  96.940    26.677 2008      8      12    4.1  15.00       9      18
  92.058    27.139 2008      8      27    4.1  23.00       5      35
  90.481    29.840 2008      8      30    4.0   7.00      16      43
  96.805    26.748 2008      9      10    4.0  15.00      19       7
  90.585    29.890 2008      9      21    4.0   7.00       6      35
  90.399    29.793 2008     10       6    6.1   8.20       8      30
  90.419    29.646 2008     10       6    4.3   8.00       8      38
  90.427    29.773 2008     10       6    4.1   7.00       8      43
  90.316    29.731 2008     10       6    4.9  10.00       8      45
  90.433    29.764 2008     10       6    5.0   7.00       8      45
  90.516    29.697 2008     10       6    4.1   8.00       8      56
  90.408    29.719 2008     10       6    4.2   8.00       9      15
  90.266    29.533 2008     10       6    4.1  35.00       9      24
  90.492    29.697 2008     10       6    4.0   8.00       9      27
  90.425    29.713 2008     10       6    4.1   8.00      10       8
  90.526    29.858 2008     10       6    4.1   7.00      10      13
  90.346    29.712 2008     10       6    5.0   8.00      10      17
  90.447    29.696 2008     10       6    4.1   8.00      10      20
  90.519    29.649 2008     10       6    4.1   8.00      10      21
  90.391    29.705 2008     10       6    4.1   8.00      10      39
  90.086    29.617 2008     10       6    4.1  35.00      11      11
  90.466    29.698 2008     10       6    4.1   8.00      11      18
  90.371    29.698 2008     10       6    5.3  11.70      12      10
  90.431    29.729 2008     10       6    4.8   7.00      12      46
  90.419    29.755 2008     10       6    4.2   7.00      14      16
  90.850    29.795 2008     10       6    4.1  26.60      14      26
  90.454    29.720 2008     10       6    4.0   8.00      19       3
  90.520    29.620 2008     10       6    4.2   8.00      23      12
  90.381    29.733 2008     10       8    5.5   6.80      14       7
  90.454    29.732 2008     10       9    4.5   7.00       3      28
  90.420    29.737 2008     10       9    4.3   8.00      17      59
  90.501    29.742 2008     10      10    4.2   8.00      11      36
  90.562    29.779 2008     10      10    4.7   7.00      21      18
  90.506    29.705 2008     10      11    4.2   8.00       2      31
  90.474    29.845 2008     10      11    4.0   7.00       3      32
  90.517    29.744 2008     10      16    4.0   8.00      12      23
  90.483    29.832 2008     11      20    4.2   7.00      10      42
  88.595    27.126 2008     12      25    4.7  35.00       0      26
  96.068    28.617 2008     12      28    4.0  35.00       4      27
  92.795    27.759 2009      1       7    4.5  17.50      10      27
  91.564    29.666 2009      2       3    4.2  10.00      13      39
  91.445    27.381 2009      9      21    6.0  17.40       8      53
  91.463    27.353 2009      9      21    4.7  35.00       9      16
  91.505    27.325 2009      9      22    4.0  35.00       8      28
  91.370    27.250 2009     10      29    5.2  23.10      17       0
  92.838    27.631 2009     11      17    4.7  17.00      17      39
  90.371    27.750 2009     11      18    4.5  16.30       0      49
  91.382    27.322 2009     11      30    4.3  35.00      12      38
  91.451    27.338 2009     12      31    5.4  18.40       9      57
  92.780    27.670 2010      2      16    4.0  17.00      20      57
  90.421    29.738 2010      5      14    4.6  15.60      14      46
  91.167    27.269 2010      7      21    4.5  25.00       2      57
  92.823    28.312 2010     10      28    4.3  74.20       7      41
  94.105    28.456 2010     11      17    4.6  35.00       4      37
  90.317    29.793 2010     11      30    5.4  13.10       8      39
  88.293    27.142 2011      2      10    4.1  44.10       3      51
  89.044    29.582 2011      4      24    4.2  10.00       2      22
  88.499    27.546 2011      9      18    4.4  29.30      13      11
  88.279    27.345 2011      9      18    4.5  22.00      13      54
  91.400    27.218 2011     10      21    4.3  12.40       8      29
  94.852    29.409 2012      3      19    4.1  35.00      17      46
  92.808    27.688 2012      3      25    4.0   3.60       9      31
  95.246    27.347 2012      5       4    4.2  39.40      20       9
  88.201    27.267 2012      6      11    4.4  14.30       4      35
  96.311    28.614 2012      6      30    4.6  25.40      19      43
  88.670    27.355 2012      9      18    4.4   5.90      12      26
  92.846    26.842 2012     10       2    5.1  39.50      18      37
  93.021    27.004 2012     10       2    4.4  35.00      18      40
  92.925    26.855 2012     10       2    4.2  35.20      18      51
  94.181    28.847 2012     10      28    4.0  25.80       5      44
  88.282    27.227 2012     11      30    4.6  10.00      19      39
  88.726    28.458 2012     12      21    4.1 100.00       2      23
  95.755    28.984 2013      3      17    4.2  24.10       4      17
  95.114    28.876 2013      4      16    5.2  31.10       8      34
  92.528    27.543 2013      4      27    4.3  23.60       5      16
  95.773    29.063 2013      7      11    4.0  34.00      18      48
  92.504    26.652 2013      8      21    4.1  48.80       6      57
  92.514    26.648 2013      8      21    4.3  48.60       8      41
  94.338    28.869 2013      8      31    4.4  25.00      21       6
  92.440    27.195 2013      9       9    4.5  17.20      11      58
  88.472    27.319 2013     10       3    5.1  18.90       6      12
  91.223    27.183 2013     10      29    4.1  41.00      18       9
  95.834    28.897 2013     11      29    5.1  19.10       1      54
  96.948    27.415 2014      2       6    4.1  35.00      15       7
  92.471    27.036 2014      2      23    4.3  48.00      17       4
  94.302    29.974 2014      4      12    4.0  35.00      16       0
  92.474    26.940 2014      6      14    4.1  10.00       5      24
  92.329    27.559 2014      8      20    4.0   7.10       8       4
  92.832    27.787 2014      9      13    4.0  35.00       3      31
  91.979    27.873 2014     10      24    4.2   7.20       5      56
  93.948    26.785 2014     11       2    4.0  49.00       5      41
  92.503    26.994 2014     12       4    4.7  28.30      23      53
  96.868    26.645 2015      2      19    4.1  15.00       9      18
  92.682    26.892 2015      4      16    4.8  24.90      22       5
  91.177    27.308 2015      7       1    4.3  10.00       2      42
  94.045    27.396 2015      7      10    4.1  10.00       1      53
  90.550    26.615 2015      7      10    4.2   9.00      12      53
  91.232    27.340 2015      7      27    4.2  25.00       7      33
  95.712    29.713 2015      8      26    4.4  10.00      18       5
  88.629    27.222 2015     10      10    4.4  30.40       1      48
  96.775    26.715 2015     10      31    4.1  35.00       2       5
  89.905    29.662 2015     11      25    4.6  85.40       5       2
  95.742    29.635 2015     12      11    4.2  10.00      22       9
  90.404    27.714 2015     12      17    4.0  35.00      15      33
  92.670    27.674 2015     12      29    4.0  18.00       0       6
  88.202    29.700 2016      1      26    4.1  35.00      16      57
  95.410    26.685 2016      3       2    4.1  10.00       4       3
  93.092    29.874 2016      3      20    4.7  10.00      16      54
  88.302    29.925 2016      5       3    4.1  10.00      16      31
  94.751    29.022 2016      7      30    4.0  33.90      11      58
  94.806    28.545 2016      9       2    4.4  32.50      14      31
  96.793    27.214 2016      9       3    4.4  44.80      21      38
  94.945    28.269 2016      9       7    4.0  35.00      22      21
  93.848    27.970 2017      1       3    4.3  10.00      19      32
  88.372    28.886 2017      1      19    4.0  10.00       9      59
  92.611    28.173 2017      1      19    4.1   8.90      19      18
  96.712    26.749 2017      2      10    4.0  35.00      16      41
  89.238    26.943 2017      3       7    4.0  17.00      10      28
  96.906    27.104 2017      3      14    4.1  28.00      16      39
  88.556    27.075 2017      3      26    4.4  23.10      21      42
  88.203    27.376 2017      5      16    4.2   3.30      22      13
  90.402    27.573 2017      5      24    4.3  10.00       3      16
  95.165    29.924 2017      6      16    4.1  10.00      21      43
  95.596    29.031 2017      7       9    4.2  10.00       7      59
  96.266    28.721 2017     10       1    4.0  24.00      12      18
  95.065    29.835 2017     11      17    6.1   6.40      22      34
  95.020    29.689 2017     11      17    4.0  35.00      22      43
  94.924    29.933 2017     11      18    5.0  10.70       0      32
  95.091    29.943 2017     11      18    4.1  10.00       2      13
  95.089    29.928 2017     11      18    4.1  10.00       3      36
  94.948    29.996 2017     11      18    4.1  10.00      21      24
  95.164    29.842 2017     11      23    4.5  10.00       2      14
  95.205    29.857 2017     11      23    4.0  10.00       2      59
  95.069    29.900 2017     11      23    4.6  10.00       7      13
  88.237    27.286 2017     12       2    4.3   7.20      23      43
  96.184    26.700 2017     12       5    4.2  89.40       2      24
  95.012    29.933 2017     12      10    4.2  10.00      21      37
  94.248    27.604 2017     12      17    4.4  18.90       6      20
  95.019    29.885 2017     12      19    5.1  19.30      17      40
  96.060    26.715 2017     12      29    4.6  71.50      16      19
  95.026    29.967 2018      4       3    4.1  10.00      16      59
  96.989    27.112 2018      6       2    5.2  32.50       5      46
  88.481    27.479 2018      6      17    4.3  42.60      15       7
  96.905    27.187 2018     11      28    5.6  33.00      10      17
  92.520    27.950 2018     12       1    4.8   9.60      15       7
  96.410    27.502 2018     12      23    4.2  10.00      11      21
  95.004    30.000 2019      1      20    4.5  10.00       2      52
  96.303    27.290 2019      2      10    5.2  19.10       3      22
  94.520    28.442 2019      4      23    5.9  19.00      20      15
  95.008    27.746 2019      7       2    4.2  10.00       0       8
  92.774    27.639 2019      7      19    5.7  13.60       9      22
  92.764    27.785 2019      7      19    4.0  10.00       9      45
  92.827    27.650 2019      7      19    4.6  17.00       9      52
  92.756    27.653 2019      7      19    5.4  12.10      22      54
  96.026    28.780 2019      7      23    4.4  10.00       6      56
  94.813    29.412 2019      9      23    4.2  10.00       9      36
  91.358    27.390 2019     10       7    4.6  13.20      12      35
  89.102    29.223 2019     10      29    4.3  35.00       3       3
  91.743    28.701 2020      1      29    4.5  10.00      21      45
  95.624    28.935 2020      2       1    4.8  12.40       9      43
  95.111    29.318 2020      4       7    4.2  35.00      10      39
  92.758    27.565 2020      4      14    4.0   6.80       9      26
  93.867    28.052 2020      4      17    4.3  14.50      10      59
  92.806    27.250 2020      5       4    4.0  42.60      10      15
  94.997    29.904 2020      5      17    4.4  10.00       5      22
  91.772    28.642 2020      6       9    4.2   4.40       7      59
  95.231    29.971 2020      7      30    4.1  10.00      13      35
  95.091    29.842 2020      8      12    4.8  16.90      15      58
  96.258    27.323 2020     10      20    4.0  50.00      19      55
  96.399    28.570 2020     11       8    4.3  10.00       9      12
  96.842    27.402 2020     12      26    4.0  35.00      21      48
  93.313    28.025 2021      2      16    4.0  35.00      16      23
  92.642    26.660 2021      2      17    4.5  18.60      12      24
  92.372    26.611 2021      3      21    4.1  10.00      12      22
  92.630    27.606 2021      3      26    5.0  25.90      19       2
  88.900    27.131 2021      4       5    5.1  19.50      15      19
  88.820    26.875 2021      4       6    4.0  17.00       1      36
  88.907    27.149 2021      4       6    4.1  10.00       9       1
  89.511    29.979 2021      4      11    4.0  35.00      21      47
  89.702    29.905 2021      4      21    4.6  35.00      13      28
  92.455    26.779 2021      4      28    6.2  39.30       2      21
  92.460    26.742 2021      4      28    4.8  39.50       2      33
  92.296    26.730 2021      4      28    4.2  35.00       2      43
  92.370    26.781 2021      4      28    4.1  35.00      10      33
  92.400    26.716 2021      4      28    4.8  42.70      19      50
  92.363    26.675 2021      5       6    4.1  48.70       5       0
  92.324    26.714 2021      5      15    4.1  39.80       3       3
  92.418    26.680 2021      5      18    4.3  42.50      12       3
  92.341    26.712 2021      5      30    4.5  43.30       8      53
  92.215    26.723 2021      5      31    4.2  38.30       4      20
  92.439    26.681 2021      6      17    4.5  35.20      20      34
  92.381    26.756 2021      6      18    4.5  38.30      19      37
  92.084    27.994 2021      6      22    4.5  67.30      16      44
  88.300    27.298 2021      7      25    4.4  16.00      15       9
  94.631    29.793 2021      8       9    4.0  10.00      13       6
  92.403    26.857 2021      9       2    4.0  35.00      11       3
  96.313    28.675 2021      9      19    4.7  18.60       9      36
  92.487    26.814 2021     11       4    4.0  41.40       4      49
  88.741    27.234 2021     11       7    4.6   3.60      16      20
  96.325    26.941 2021     11      28    4.6  13.50       1      32
  96.368    26.887 2021     11      28    4.1  35.00      17       2
  96.995    27.541 2021     12      21    4.4  35.00       5       4
  89.178    26.953 2022      1       6    4.2   7.10      14      46
  94.187    29.238 2022      1      17    5.0  23.90      22      59
  94.943    29.866 2022      3       3    4.0  10.00       8      19
  94.975    29.944 2022      3       3    4.5  10.00       8      47
  92.822    27.900 2022      6      18    4.0  10.00      16      44
  89.220    27.147 2022      7       1    4.0  17.00      21      23
  94.092    27.796 2022      7       8    4.1  10.00       4      30
  96.027    29.008 2022      8      29    4.2  10.00      12      54
  96.156    26.668 2022      9      13    4.2  10.00      21      35
  95.753    28.862 2022      9      18    4.3  34.00      12      57
  94.439    28.462 2022     11      10    5.6  10.50       5       1
  90.387    27.654 2023      1       2    4.4  32.30       4      21
  96.407    26.723 2023      1      10    4.5  72.30       1      43
  94.939    29.861 2023      3       3    4.2  10.00       1      13
  96.981    26.882 2023      5      22    4.9  14.40       2      45
  92.607    27.183 2023      5      27    4.4  12.40      21      36
  91.444    28.645 2023      5      28    4.5  11.50      18      51
  92.389    26.747 2023      5      29    4.8  41.40       2      33
  96.707    26.869 2023      6      30    4.1  10.00       5      44
